C2: Table 12 recomputed for the X4 feed, once-through (wall 3 s). Stage 1 equilibrium X_CH4 = 0.9698; fresh CO2 1,995 kmol/d, no electrolytic H2; h = 0.50; T3 = 650 K.
k2 per phi (Feed A inlet definition, as KIN/F1): phi=0: 0, phi=0.1: 1.245, phi=1: 12.45  (UNCALIBRATED)

 tau1_s  phi  X_CH4_stage1  H2_into_stage2_kmol_d  S2_inlet_H2_to_CO2  X_CO2_stage2  xi1_RWGS_kmol_d  xi2_CO2_methanation_kmol_d  Q2_kW  X_CO2_stage2_gibbs_ref_same_feed  xi2_gibbs_ref_same_feed_kmol_d  Q2_gibbs_ref_same_feed_kW  C_stage1_tpd  C_stage3_tpd  C_total_tpd  H2_surplus_total_tpd  water_recovered_tpd  Q1_kW  Q3_kW  closure_C_rel
      3    0        0.5833                  3,490                1.75        0.4715            940.5                           0  383.9                            0.6956                          -704.5                      2,397         20.96             0        20.96                 5.125                16.95  1,823 -6.126      2.371e-15
      3  0.1        0.5833                  3,490                1.75         0.464            948.6                      -23.14  437.9                            0.6956                          -704.5                      2,397         20.96             0        20.96                 5.295                16.26  1,823  -6.28      1.641e-15
      3    1        0.5833                  3,490                1.75         0.432            1,002                      -140.5  716.8                            0.6956                          -704.5                      2,397         20.96             0        20.96                 6.131                13.02  1,823  -7.23      9.119e-16
  8.905    0        0.8729                  5,223               2.619        0.5672            1,131                           0  461.8                            0.6518                            -131                        871         31.37             0        31.37                 8.218                20.43  2,728 -11.99      5.472e-16
  8.905  0.1        0.8729                  5,223               2.619        0.5668            1,102                        28.7    387                            0.6518                            -131                        871         31.37             0        31.37                 8.047                20.93  2,728 -11.52      9.119e-16
  8.905    1        0.8729                  5,223               2.619        0.5432            1,010                       73.22  252.1                            0.6518                            -131                        871         31.37             0        31.37                 7.875                20.87  2,728 -10.48     -7.296e-16
     10    0        0.8936                  5,347               2.681        0.5727            1,142                           0  466.3                            0.6505                          -85.69                      752.3         32.11             0        32.11                 8.444                20.63  2,793 -12.53     -3.648e-16
     10  0.1        0.8936                  5,347               2.681         0.573            1,109                       33.71    379                            0.6505                          -85.69                      752.3         32.11             0        32.11                  8.24                21.25  2,793 -11.97     -3.648e-16
     10    1        0.8936                  5,347               2.681         0.551            1,002                       96.76  197.2                            0.6505                          -85.69                      752.3         32.11             0        32.11                 7.951                21.58  2,793 -10.65     -1.459e-15
     30    0        0.9687                  5,797               2.906        0.5912            1,179                           0  481.4                            0.6483                           83.87                      309.9         34.81             0        34.81                  9.27                21.32  3,028 -14.62     -2.918e-15
     30  0.1        0.9687                  5,797               2.906        0.5946            1,133                       53.18    346                            0.6483                           83.87                      309.9         34.81             0        34.81                 8.937                22.39  3,028 -13.72     -2.189e-15
     30    1        0.9687                  5,797               2.906        0.5799            963.1                       193.7 -30.96                            0.6483                           83.87                      309.9         34.81             0        34.81                 8.153                24.36  3,028 -11.11     -2.006e-15
    NaN  NaN        0.9698                  5,803               2.909        0.6483            1,207                       86.41  303.4                            0.6483                           86.41                      303.4         34.85         11.56        46.41                 4.733                47.28  3,031 -2,224     -9.119e-16