F1 full-biogas-CO2 configurations (wall 798 s). Unconverged: 0; max iter 322; max |closure C| 8.8e-08

=== EQUILIBRIUM ===
                            case  CO2_total_tpd  H2_electrolysis_tpd  iterations  S1_X_CH4  S1_inlet_CH4_ratio_vs_fresh  S2_inlet_H2_to_CO2_ratio  S2_X_CO2_per_pass  S2_xi1_RWGS_CO_formed_kmol_d  S2_xi2_CH4_formed_kmol_d  S3_CH4_formed_kmol_d  C_total_tpd  C_from_biogasCO2_tpd  C_from_DACCO2_tpd  CO2_carbon_fixed_fraction  CO2_fixed_as_CO2_tpd  purge_carbon_as_CO2_if_oxidised_tpd  H2_net_exportable_tpd  H2_stoich_surplus_tpd  water_total_tpd  Q1_kW  Q2_kW  Q3_kW  recycle_to_S2_total_kmol_d  closure_C_rel
submitted eq once-through h=0.35             42                 2.52           1    0.9698                            1                     7.391             0.8137                           579                     197.6                   519        36.33                 1.125             0.3515                     0.1288                 5.409                                40.57                   7.94                  10.37            29.61   3031 -196.4  -1479                           0      9.219e-16
 submitted eq once-through h=0.5             42                 2.52           1    0.9698                            1                     7.391             0.8137                           579                     197.6                 733.2        34.85                     0                  0                          0                     0                                45.98                  6.712                  10.37            32.71   3031 -196.4  -1790                           0      1.383e-15
submitted eq once-through h=0.75             42                 2.52           1    0.9698                            1                     7.391             0.8137                           579                     197.6                 756.4        34.85                     0                  0                          0                     0                                45.98                  6.526                  10.37            33.49   3031 -196.4  -1838                           0      9.219e-16
     submitted eq recycle h=0.35             42                 2.52          29    0.9698                        1.359                     10.01             0.8525                         585.9                     238.6                 715.1        47.36                 8.703               2.72                     0.9966                 41.86                               0.1552                  10.73                  10.37            34.32   4118 -283.3  -1755                       656.1      4.789e-11
      submitted eq recycle h=0.5             42                 2.52          30    0.9698                        1.359                     12.67             0.8841                         535.5                     308.3                 646.1        47.37                  8.71              2.722                     0.9973                 41.89                               0.1246                  10.72                  10.37            34.35   4119 -456.4  -1589                        3052      1.977e-13
     submitted eq recycle h=0.75             42                 2.52          54    0.9698                        1.359                     22.13             0.9417                         411.9                     486.8                 467.5        47.37                  8.71              2.722                     0.9973                 41.89                               0.1244                  10.72                  10.37            34.36   4119   -898  -1160                   1.206e+04      1.072e-14
 2a_y0.55 eq once-through h=0.35          107.7                 2.52           1    0.9698                            1                     2.881             0.6454                          1463                     116.9                 134.3        49.96                 15.11                  0                     0.5138                 55.36                                56.35                  7.106                  4.349            53.24   3031  341.2  -2332                           0      5.016e-16
  2a_y0.55 eq once-through h=0.5          107.7                 2.52           1    0.9698                            1                     2.881             0.6454                          1463                     116.9                 351.4        48.93                 14.08                  0                     0.4787                 51.57                                60.13                  5.701                  4.349            57.73   3031  341.2  -2690                           0     -1.505e-15
 2a_y0.55 eq once-through h=0.75          107.7                 2.52           1    0.9698                            1                     2.881             0.6454                          1463                     116.9                 773.4        45.75                  10.9                  0                     0.3706                 39.92                                71.78                  3.366                  4.349            63.12   3031  341.2  -3277                           0     -1.839e-15
      2a_y0.55 eq recycle h=0.35          107.7                 2.52         133    0.9698                        1.023                     1.027             0.4325                          3118                    -36.06                 13.85        62.36                 26.45                  0                     0.8994                  96.9                                10.91                  5.708                  4.349            79.23   3102   1352  -3897                        4912     -6.325e-09
       2a_y0.55 eq recycle h=0.5          107.7                 2.52         113    0.9698                        1.089                     1.565             0.5174                          2566                      12.3                 156.9        63.72                 27.78                  0                     0.9449                 101.8                                5.946                  5.251                  4.349            83.28   3301   1021  -3863                        2899      3.726e-09
      2a_y0.55 eq recycle h=0.75          107.7                 2.52          87    0.9698                         1.73                     4.096             0.7059                          1879                     189.1                  1844        64.96                 29.03                  0                     0.9872                 106.4                                1.387                  4.793                  4.349            87.16   5243  352.7  -5125                        1434     -2.057e-09
 2b_y0.55 eq once-through h=0.35          107.7                    0           1    0.9698                            1                     2.371             0.6082                          1428                     60.48                 70.17        49.47                 14.62                  0                     0.4972                 53.56                                58.15                  5.722                  1.829             47.6   3031  450.6  -2137                           0     -1.505e-15
  2b_y0.55 eq once-through h=0.5          107.7                    0           1    0.9698                            1                     2.371             0.6082                          1428                     60.48                 219.8        49.26                 14.41                  0                       0.49                 52.78                                58.92                  4.586                  1.829            52.12   3031  450.6  -2430                           0     -1.839e-15
 2b_y0.55 eq once-through h=0.75          107.7                    0           1    0.9698                            1                     2.371             0.6082                          1428                     60.48                 520.8        47.65                  12.8                  0                     0.4353                 46.89                                64.81                  2.698                  1.829            57.84   3031  450.6  -2910                           0     -1.505e-15
      2b_y0.55 eq recycle h=0.35          107.7                    0         171    0.9698                        1.007                    0.5912             0.3253                          3341                    -77.07                 7.836        60.52                 24.65                  0                     0.8384                 90.32                                17.66                  3.807                  1.829            73.73   3053   1533  -3864                        7762     -9.251e-09
       2b_y0.55 eq recycle h=0.5          107.7                    0         161    0.9698                        1.022                    0.7702             0.3758                          3027                    -66.97                  40.7        61.89                 25.98                  0                     0.8837                 95.21                                12.65                  3.348                  1.829            77.81   3098   1382  -3872                        5672      6.554e-09
      2b_y0.55 eq recycle h=0.75          107.7                    0         145    0.9698                        1.189                     1.742             0.5394                          2239                    0.8522                   459        64.23                  28.3                  0                     0.9625                 103.7                                4.047                  2.551                  1.829            84.84   3604  912.2  -4074                        2203      1.846e-09
 2a_y0.60 eq once-through h=0.35          87.78                 2.52           1    0.9698                            1                     3.536             0.6847                          1221                     144.3                 200.9        47.12                 12.27                  0                     0.5122                 44.96                                 46.8                  7.304                  6.177            48.18   3031  182.6  -2101                           0     -3.648e-16
  2a_y0.60 eq once-through h=0.5          87.78                 2.52           1    0.9698                            1                     3.536             0.6847                          1221                     144.3                   457        45.25                  10.4                  0                     0.4341                 38.11                                53.65                  5.867                  6.177            51.62   3031  182.6  -2463                           0     -1.824e-16
 2a_y0.60 eq once-through h=0.75          87.78                 2.52           1    0.9698                            1                     3.536             0.6847                          1221                     144.3                 936.7        40.86                 6.004                  0                     0.2506                    22                                69.76                  3.474                  6.177            55.51   3031  182.6  -3057                           0     -1.094e-15
      2a_y0.60 eq recycle h=0.35          87.78                 2.52          90    0.9698                         1.07                     1.961             0.5636                          2142                     51.63                 60.42        58.68                 22.75                  0                     0.9494                 83.34                                4.452                  6.943                  6.177            68.18   3242  761.4  -3069                        2177     -2.785e-09
       2a_y0.60 eq recycle h=0.5          87.78                 2.52          63    0.9698                         1.25                     3.163             0.6571                          1707                     128.6                 509.1        59.36                 23.43                  0                     0.9778                 85.83                                1.959                  6.704                  6.177            70.25   3789  415.4  -3291                        1275      2.647e-10
      2a_y0.60 eq recycle h=0.75          87.78                 2.52          67    0.9698                        1.717                     7.449             0.8083                          1251                     361.9                  1633        59.83                 23.89                  0                     0.9973                 87.54                               0.2501                  6.519                  6.177            71.77   5203 -281.9  -3969                        3860      1.803e-12
 2b_y0.60 eq once-through h=0.35          87.78                    0           1    0.9698                            1                     2.909             0.6483                          1207                     86.41                 112.4        47.32                 12.46                  0                     0.5203                 45.67                                46.09                  5.898                  3.657            43.62   3031  303.4  -1928                           0      7.296e-16
  2b_y0.60 eq once-through h=0.5          87.78                    0           1    0.9698                            1                     2.909             0.6483                          1207                     86.41                 294.6        46.41                 11.56                  0                     0.4825                 42.35                                49.41                  4.733                  3.657            47.28   3031  303.4  -2224                           0     -9.119e-16
 2b_y0.60 eq once-through h=0.75          87.78                    0           1    0.9698                            1                     2.909             0.6483                          1207                     86.41                 647.7         43.7                 8.851                  0                     0.3694                 32.43                                59.33                  2.795                  3.657            51.64   3031  303.4  -2711                           0     -1.824e-16
      2b_y0.60 eq recycle h=0.35          87.78                    0         131    0.9698                        1.021                     1.064             0.4413                          2543                    -40.96                  11.5        57.56                 21.64                  0                     0.9032                 79.29                                 8.57                  4.803                  3.657            64.82   3094   1128  -3197                        3871      -5.07e-09
       2b_y0.60 eq recycle h=0.5          87.78                    0         109    0.9698                        1.081                     1.642             0.5283                          2078                     2.814                 141.4        58.65                 22.71                  0                     0.9481                 83.23                                4.565                  4.433                  3.657            68.08   3275  842.2  -3171                        2252      3.188e-09
      2b_y0.60 eq recycle h=0.75          87.78                    0          85    0.9698                        1.639                     4.288             0.7147                          1531                     155.1                  1614         59.6                 23.67                  0                     0.9878                 86.71                                1.083                  4.079                  3.657            71.07   4968  285.4  -4285                        1178     -2.206e-09
 2a_y0.65 eq once-through h=0.35           70.9                 2.52           1    0.9698                            1                     4.378             0.7244                         999.4                     167.7                   285        43.97                 9.121                  0                     0.4713                 33.42                                41.46                  7.498                  7.724            42.71   3031  40.82  -1886                           0     -1.976e-15
  2a_y0.65 eq once-through h=0.5           70.9                 2.52           1    0.9698                            1                     4.378             0.7244                         999.4                     167.7                 578.3        41.31                 6.456                  0                     0.3336                 23.65                                51.22                  6.027                  7.724            45.15   3031  40.82  -2251                           0     -2.371e-15
 2a_y0.65 eq once-through h=0.75           70.9                 2.52           1    0.9698                            1                     4.378             0.7244                         999.4                     167.7                  1109        35.85                0.9964                  0                    0.05149                 3.651                                71.23                  3.578                  7.724            47.77   3031  40.82  -2854                           0     -3.359e-15
      2a_y0.65 eq recycle h=0.35           70.9                 2.52          49    0.9698                        1.168                     3.622             0.6833                          1410                     148.7                 249.5        54.84                 18.91                  0                     0.9772                 69.28                                1.627                  8.225                  7.724             56.7   3540  250.1  -2463                        1011     -4.676e-10
       2a_y0.65 eq recycle h=0.5           70.9                 2.52          41    0.9698                        1.449                     5.318              0.753                          1217                     212.1                  1003        55.06                 19.13                  0                     0.9884                 70.08                               0.8303                  8.135                  7.724            57.42   4391  32.24  -3063                       868.5     -1.018e-09
      2a_y0.65 eq recycle h=0.75           70.9                 2.52          62    0.9698                        1.585                     10.76             0.8636                         928.1                     463.3                  1148        55.23                  19.3                  0                     0.9973                 70.71                               0.2027                  8.069                  7.724            57.98   4803 -635.8  -2812                        7051      1.069e-13
 2b_y0.65 eq once-through h=0.35           70.9                    0           1    0.9698                            1                     3.602              0.689                         999.7                     110.3                 170.6        44.85                 9.999                  0                     0.5167                 36.64                                38.24                  6.067                  5.204            39.24   3031  166.5  -1729                           0     -1.383e-15
  2b_y0.65 eq once-through h=0.5           70.9                    0           1    0.9698                            1                     3.602              0.689                         999.7                     110.3                 386.2        43.23                 8.377                  0                     0.4329                 30.69                                44.18                  4.873                  5.204               42   3031  166.5  -2028                           0     -2.766e-15
 2b_y0.65 eq once-through h=0.75           70.9                    0           1    0.9698                            1                     3.602              0.689                         999.7                     110.3                 788.2        39.49                 4.636                  0                     0.2396                 16.99                                57.89                  2.887                  5.204             45.1   3031  166.5  -2521                           0     -2.964e-15
      2b_y0.65 eq recycle h=0.35           70.9                    0          85    0.9698                        1.064                     2.092             0.5777                          1709                     38.84                 58.51        54.38                 18.45                  0                     0.9533                 67.59                                3.321                  5.867                  5.204            55.29   3226  612.4  -2489                        1650     -2.288e-09
       2b_y0.65 eq recycle h=0.5           70.9                    0          59    0.9698                        1.225                     3.361             0.6694                          1369                       104                 461.5        54.89                 18.95                  0                     0.9796                 69.45                                 1.46                  5.687                  5.204            56.85   3714  331.3  -2706                       994.6      9.369e-11
      2b_y0.65 eq recycle h=0.75           70.9                    0          66    0.9698                        1.585                     7.776             0.8151                          1011                     302.5                  1309        55.23                  19.3                  0                     0.9973                 70.71                               0.2036                  5.549                  5.204            57.97   4803 -249.8  -3185                        3501       1.16e-12

=== KINETIC (uncalibrated) ===
                                                   case  CO2_total_tpd  H2_electrolysis_tpd  iterations  S1_X_CH4  S1_inlet_CH4_ratio_vs_fresh  S2_inlet_H2_to_CO2_ratio  S2_X_CO2_per_pass  S2_xi1_RWGS_CO_formed_kmol_d  S2_xi2_CH4_formed_kmol_d  S3_CH4_formed_kmol_d  C_total_tpd  C_from_biogasCO2_tpd  C_from_DACCO2_tpd  CO2_carbon_fixed_fraction  CO2_fixed_as_CO2_tpd  purge_carbon_as_CO2_if_oxidised_tpd  H2_net_exportable_tpd  H2_stoich_surplus_tpd  water_total_tpd  Q1_kW  Q2_kW  Q3_kW  recycle_to_S2_total_kmol_d  closure_C_rel
  submitted kin once-through phi=0 (1.01,1.01,1.01) bar             42                 2.52           1    0.8729                            1                     6.783             0.7035                         671.4                         0                 3.652        31.37                     0                  0                          0                     0                                58.74                  11.67                  9.202            12.14   2728  274.1 -8.902                           0      4.609e-16
       submitted kin recycle phi=0 (1.01,1.01,1.01) bar             42                 2.52         301    0.8729                        1.153                     2.961             0.2337                         819.9                         0                 19.76        36.28                0.2749            0.08591                    0.03148                 1.322                                40.73                  12.86                  9.202            15.31   3145  334.7 -66.21                    2.07e+04     -4.415e-08
    submitted kin once-through phi=0 (1.01,5,5) bar n=1             42                 2.52           1    0.8729                            1                     6.783             0.8055                         768.7                         0                 16.62        31.37                     0                  0                          0                     0                                58.74                   11.4                  9.202            14.11   2728  313.8  -41.9                           0      6.914e-16
         submitted kin recycle phi=0 (1.01,5,5) bar n=1             42                 2.52         292    0.8729                        1.183                     3.268             0.2682                         839.7                         0                 98.77        37.58                 1.265             0.3954                     0.1449                 6.085                                35.97                  12.61                  9.202            17.62   3227  342.8 -312.5                   1.834e+04     -4.038e-08
submitted kin once-through phi=0.1 (1.01,1.01,1.01) bar             42                 2.52           1    0.8729                            1                     6.783             0.7161                         637.1                     46.35                 3.397        31.37                     0                  0                          0                     0                                58.74                  11.37                  9.202            13.18   2728  158.6 -8.288                           0      3.457e-16
     submitted kin recycle phi=0.1 (1.01,1.01,1.01) bar             42                 2.52         306    0.8729                        1.157                     2.978              0.235                         810.5                      10.2                 19.85         36.4                0.3667             0.1146                    0.04199                 1.763                                40.29                  12.84                  9.202            15.51   3155  308.5 -66.08                   2.051e+04     -4.533e-08
  submitted kin once-through phi=0.1 (1.01,5,5) bar n=1             42                 2.52           1    0.8729                            1                     6.783             0.8055                         745.1                     23.69                 15.99        31.37                     0                  0                          0                     0                                58.74                  11.26                  9.202            14.52   2728  252.3  -40.3                           0     -9.219e-16
       submitted kin recycle phi=0.1 (1.01,5,5) bar n=1             42                 2.52         297    0.8729                        1.187                     3.277             0.2685                         829.6                     10.27                 99.33         37.7                 1.352             0.4224                     0.1548                   6.5                                35.55                  12.59                  9.202            17.79   3238  316.2 -311.8                   1.816e+04     -3.926e-08
  submitted kin once-through phi=1 (1.01,1.01,1.01) bar             42                 2.52           1    0.8729                            1                     6.783             0.7226                         501.5                     188.1                 2.604        31.37                     0                  0                          0                     0                                58.74                   10.5                  9.202            15.83   2728 -207.3 -6.331                           0      1.152e-15
       submitted kin recycle phi=1 (1.01,1.01,1.01) bar             42                 2.52          93    0.8729                        1.199                     3.178             0.2496                         710.1                     119.5                 20.95        37.69                 1.349             0.4217                     0.1545                 6.489                                35.56                  12.61                  9.202            17.61   3270  28.13 -64.64                   1.841e+04     -1.407e-08
    submitted kin once-through phi=1 (1.01,5,5) bar n=1             42                 2.52           1    0.8729                            1                     6.783              0.811                         574.2                     199.7                  11.6        31.37                     0                  0                          0                     0                                58.74                  10.21                  9.202             17.7   2728   -203 -29.23                           0              0
         submitted kin recycle phi=1 (1.01,5,5) bar n=1             42                 2.52          95    0.8729                        1.236                     3.426             0.2769                         712.2                     131.9                 106.7        39.03                  2.37             0.7407                     0.2714                  11.4                                30.65                  12.35                  9.202            19.88   3373  1.968 -303.5                   1.598e+04      -2.36e-08
   2a_y0.55 kin once-through phi=0 (1.01,1.01,1.01) bar          107.7                 2.52           1    0.8729                            1                     2.644             0.5704                          1396                         0                 5.074        31.37                     0                  0                          0                     0                                124.5                   10.2                   3.18            25.19   2728    570 -12.61                           0     -3.344e-16
        2a_y0.55 kin recycle phi=0 (1.01,1.01,1.01) bar          107.7                 2.52         302    0.8729                        1.147                    0.6228             0.1089                          1737                         0                 5.786        36.21                0.2894                  0                   0.009844                 1.061                                106.7                  11.03                   3.18            31.73   3130  709.2 -43.29                   4.877e+04     -8.676e-08
     2a_y0.55 kin once-through phi=0 (1.01,5,5) bar n=1          107.7                 2.52           1    0.8729                            1                     2.644             0.6374                          1560                         0                 25.55        31.37                     0                  0                          0                     0                                124.5                  9.749                   3.18            28.48   2728  636.9 -64.56                           0      1.672e-15
          2a_y0.55 kin recycle phi=0 (1.01,5,5) bar n=1          107.7                 2.52         301    0.8729                        1.156                    0.6461             0.1174                          1779                         0                 29.52         37.3                 1.373                  0                    0.04671                 5.032                                102.8                  10.76                   3.18            34.11   3155  726.4 -207.4                   4.687e+04     -8.393e-08
 2a_y0.55 kin once-through phi=0.1 (1.01,1.01,1.01) bar          107.7                 2.52           1    0.8729                            1                     2.644             0.5707                          1356                      40.7                  4.84        31.37                     0                  0                          0                     0                                124.5                  9.957                   3.18            25.93   2728  464.5 -12.03                           0      1.505e-15
      2a_y0.55 kin recycle phi=0.1 (1.01,1.01,1.01) bar          107.7                 2.52         303    0.8729                        1.148                     0.623             0.1089                          1736                     1.324                 5.783        36.23                0.3052                  0                    0.01038                 1.118                                106.7                  11.03                   3.18            31.75   3131  705.8 -43.27                   4.875e+04     -8.484e-08
   2a_y0.55 kin once-through phi=0.1 (1.01,5,5) bar n=1          107.7                 2.52           1    0.8729                            1                     2.644             0.6356                          1529                     27.29                 24.73        31.37                     0                  0                          0                     0                                124.5                  9.598                   3.18            28.88   2728  564.2  -62.5                           0      8.359e-16
        2a_y0.55 kin recycle phi=0.1 (1.01,5,5) bar n=1          107.7                 2.52         302    0.8729                        1.157                    0.6462             0.1174                          1778                     1.597                 29.52        37.31                 1.392                  0                    0.04733                 5.099                                102.7                  10.76                   3.18            34.14   3156  722.2 -207.3                   4.684e+04     -8.188e-08
   2a_y0.55 kin once-through phi=1 (1.01,1.01,1.01) bar          107.7                 2.52           1    0.8729                            1                     2.644             0.5487                          1227                     116.7                 4.241        31.37                     0                  0                          0                     0                                124.5                   9.61                   3.18            26.32   2728  245.2 -10.52                           0      1.505e-15
        2a_y0.55 kin recycle phi=1 (1.01,1.01,1.01) bar          107.7                 2.52         307    0.8729                        1.152                    0.6243              0.109                          1725                     13.01                 5.761        36.37                0.4439                  0                     0.0151                 1.626                                106.2                     11                   3.18            31.97   3144  675.5 -43.08                   4.852e+04     -8.722e-08
     2a_y0.55 kin once-through phi=1 (1.01,5,5) bar n=1          107.7                 2.52           1    0.8729                            1                     2.644             0.6231                          1302                       223                 19.18        31.37                     0                  0                          0                     0                                124.5                   8.51                   3.18            31.75   2728  43.15 -48.48                           0      6.688e-16
          2a_y0.55 kin recycle phi=1 (1.01,5,5) bar n=1          107.7                 2.52         307    0.8729                        1.163                    0.6475             0.1174                          1763                     16.19                  29.5        37.48                 1.559                  0                    0.05301                 5.711                                102.1                  10.73                   3.18            34.38   3172  684.2 -206.3                   4.657e+04      -8.14e-08
   2b_y0.55 kin once-through phi=0 (1.01,1.01,1.01) bar          107.7                    0           1    0.8729                            1                     2.134             0.5312                          1300                         0                 4.171        31.37                     0                  0                          0                     0                                124.5                  7.883                 0.6599            23.44   2728  530.8 -10.42                           0     -5.016e-16
        2b_y0.55 kin recycle phi=0 (1.01,1.01,1.01) bar          107.7                    0         302    0.8729                        1.146                    0.4565            0.09227                          1641                         0                 3.382        36.14                0.2188                  0                   0.007443                0.8018                                  107                  8.714                 0.6599            29.88   3128  669.8 -31.76                   4.832e+04     -8.736e-08
     2b_y0.55 kin once-through phi=0 (1.01,5,5) bar n=1          107.7                    0           1    0.8729                            1                     2.134             0.5923                          1450                         0                 21.71        31.37                     0                  0                          0                     0                                124.5                  7.475                 0.6599            26.43   2728  591.9  -54.9                           0     -3.344e-16
          2b_y0.55 kin recycle phi=0 (1.01,5,5) bar n=1          107.7                    0         302    0.8729                        1.152                    0.4706            0.09891                          1682                         0                 18.25        36.96                 1.042                  0                    0.03545                 3.819                                  104                  8.493                 0.6599            31.85   3143  686.5 -153.3                   4.688e+04     -8.245e-08
 2b_y0.55 kin once-through phi=0.1 (1.01,1.01,1.01) bar          107.7                    0           1    0.8729                            1                     2.134             0.5295                          1273                     22.95                 4.032        31.37                     0                  0                          0                     0                                124.5                  7.753                 0.6599            23.78   2728  469.5 -10.07                           0              0
      2b_y0.55 kin recycle phi=0.1 (1.01,1.01,1.01) bar          107.7                    0         302    0.8729                        1.147                    0.4565            0.09226                          1640                    0.3685                 3.381        36.15                0.2232                  0                   0.007591                0.8178                                  107                  8.714                 0.6599            29.89   3128  668.8 -31.75                   4.831e+04     -8.849e-08
   2b_y0.55 kin once-through phi=0.1 (1.01,5,5) bar n=1          107.7                    0           1    0.8729                            1                     2.134             0.5905                          1427                     18.72                 21.14        31.37                     0                  0                          0                     0                                124.5                  7.374                 0.6599            26.68   2728  541.5 -53.46                           0     -8.359e-16
        2b_y0.55 kin recycle phi=0.1 (1.01,5,5) bar n=1          107.7                    0         302    0.8729                        1.152                    0.4707             0.0989                          1681                    0.7636                 18.24        36.97                 1.051                  0                    0.03574                 3.851                                103.9                  8.492                 0.6599            31.87   3144  684.6 -153.3                   4.686e+04     -8.363e-08
   2b_y0.55 kin once-through phi=1 (1.01,1.01,1.01) bar          107.7                    0           1    0.8729                            1                     2.134             0.5065                          1193                     47.14                 3.711        31.37                     0                  0                          0                     0                                124.5                  7.722                 0.6599             23.2   2728  383.6 -9.257                           0      1.003e-15
        2b_y0.55 kin recycle phi=1 (1.01,1.01,1.01) bar          107.7                    0         304    0.8729                        1.148                    0.4565            0.09217                          1637                     3.556                 3.375        36.18                 0.261                  0                   0.008877                0.9563                                106.8                  8.708                 0.6599            29.94   3131  660.3  -31.7                   4.825e+04     -8.799e-08
     2b_y0.55 kin once-through phi=1 (1.01,5,5) bar n=1          107.7                    0           1    0.8729                            1                     2.134             0.5778                          1261                     153.3                  17.2        31.37                     0                  0                          0                     0                                124.5                  6.647                 0.6599            28.47   2728    179 -43.51                           0     -1.672e-16
          2b_y0.55 kin recycle phi=1 (1.01,5,5) bar n=1          107.7                    0         304    0.8729                        1.155                    0.4712            0.09886                          1674                     7.681                 18.22        37.05                  1.13                  0                    0.03845                 4.142                                103.6                  8.479                 0.6599            31.98   3151  666.5 -152.8                   4.673e+04     -8.593e-08
   2a_y0.60 kin once-through phi=0 (1.01,1.01,1.01) bar          87.78                 2.52           1    0.8729                            1                     3.245             0.6043                          1205                         0                 4.845        31.37                     0                  0                          0                     0                                104.5                  10.59                  5.008            21.76   2728    492 -11.98                           0     -1.824e-16
        2a_y0.60 kin recycle phi=0 (1.01,1.01,1.01) bar          87.78                 2.52         302    0.8729                        1.148                    0.8734             0.1298                          1494                         0                 7.854        36.24                 0.313                  0                    0.01306                 1.147                                86.69                  11.51                  5.008            27.38   3132  609.8 -48.37                   4.024e+04     -7.628e-08
     2a_y0.60 kin once-through phi=0 (1.01,5,5) bar n=1          87.78                 2.52           1    0.8729                            1                     3.245             0.6786                          1354                         0                 23.77        31.37                     0                  0                          0                     0                                104.5                  10.18                  5.008            24.74   2728  552.5 -60.03                           0      1.277e-15
          2a_y0.60 kin recycle phi=0 (1.01,5,5) bar n=1          87.78                 2.52         300    0.8729                         1.16                    0.9141             0.1412                          1529                         0                 39.42         37.4                 1.479                  0                    0.06172                 5.418                                82.41                  11.25                  5.008            29.77   3165  624.4 -230.8                   3.818e+04     -7.436e-08
 2a_y0.60 kin once-through phi=0.1 (1.01,1.01,1.01) bar          87.78                 2.52           1    0.8729                            1                     3.245             0.6066                          1164                     45.59                 4.588        31.37                     0                  0                          0                     0                                104.5                  10.31                  5.008            22.65   2728  375.5 -11.35                           0      3.648e-16
      2a_y0.60 kin recycle phi=0.1 (1.01,1.01,1.01) bar          87.78                 2.52         303    0.8729                        1.149                     0.874             0.1298                          1491                     2.479                 7.851        36.27                0.3424                  0                    0.01429                 1.255                                86.58                  11.51                  5.008            27.42   3135  603.4 -48.33                   4.019e+04     -7.654e-08
   2a_y0.60 kin once-through phi=0.1 (1.01,5,5) bar n=1          87.78                 2.52           1    0.8729                            1                     3.245              0.677                          1322                     28.71                 22.94        31.37                     0                  0                          0                     0                                104.5                  10.01                  5.008            25.18   2728  476.6 -57.93                           0      7.296e-16
        2a_y0.60 kin recycle phi=0.1 (1.01,5,5) bar n=1          87.78                 2.52         301    0.8729                        1.161                    0.9145             0.1412                          1527                     2.667                 39.43        37.43                 1.509                  0                    0.06299                 5.529                                 82.3                  11.24                  5.008            29.81   3168  617.4 -230.6                   3.813e+04     -7.415e-08
   2a_y0.60 kin once-through phi=1 (1.01,1.01,1.01) bar          87.78                 2.52           1    0.8729                            1                     3.245             0.5865                          1027                     142.9                  3.91        31.37                     0                  0                          0                     0                                104.5                  9.803                  5.008            23.67   2728  106.3 -9.655                           0     -1.824e-16
        2a_y0.60 kin recycle phi=1 (1.01,1.01,1.01) bar          87.78                 2.52         313    0.8729                        1.158                    0.8789             0.1303                          1471                     24.69                 7.823        36.53                0.6058                  0                    0.02528                  2.22                                85.61                  11.46                  5.008            27.85   3158  546.3 -47.97                   3.976e+04     -7.301e-08
     2a_y0.60 kin once-through phi=1 (1.01,5,5) bar n=1          87.78                 2.52           1    0.8729                            1                     3.245              0.667                          1095                     235.5                 17.29        31.37                     0                  0                          0                     0                                104.5                  8.838                  5.008            28.44   2728 -68.87 -43.67                           0     -1.824e-16
          2a_y0.60 kin recycle phi=1 (1.01,5,5) bar n=1          87.78                 2.52         311    0.8729                        1.171                     0.918             0.1412                          1502                     27.48                 39.49        37.71                 1.791                  0                    0.07477                 6.564                                81.27                  11.19                  5.008            30.23   3194  552.9 -228.7                   3.768e+04     -7.162e-08
   2b_y0.60 kin once-through phi=0 (1.01,1.01,1.01) bar          87.78                    0           1    0.8729                            1                     2.619             0.5672                          1131                         0                 3.997        31.37                     0                  0                          0                     0                                104.5                  8.224                  2.488            20.41   2728  461.8 -9.942                           0      1.824e-16
        2b_y0.60 kin recycle phi=0 (1.01,1.01,1.01) bar          87.78                    0         302    0.8729                        1.147                    0.6383             0.1103                          1421                         0                 4.763        36.16                0.2405                  0                    0.01004                0.8812                                86.95                  9.153                  2.488            25.96   3129  580.2 -35.92                   3.978e+04     -7.704e-08
     2b_y0.60 kin once-through phi=0 (1.01,5,5) bar n=1          87.78                    0           1    0.8729                            1                     2.619             0.6353                          1267                         0                 20.28        31.37                     0                  0                          0                     0                                104.5                  7.852                  2.488            23.13   2728  517.3 -51.25                           0      1.094e-15
          2b_y0.60 kin recycle phi=0 (1.01,5,5) bar n=1          87.78                    0         301    0.8729                        1.155                    0.6626              0.119                          1456                         0                 24.79        37.06                 1.141                  0                    0.04762                  4.18                                83.65                  8.932                  2.488            27.93   3150  594.3 -172.6                    3.82e+04     -7.427e-08
 2b_y0.60 kin once-through phi=0.1 (1.01,1.01,1.01) bar          87.78                    0           1    0.8729                            1                     2.619             0.5668                          1102                      28.7                 3.832        31.37                     0                  0                          0                     0                                104.5                  8.053                  2.488            20.91   2728    387 -9.533                           0              0
      2b_y0.60 kin recycle phi=0.1 (1.01,1.01,1.01) bar          87.78                    0         303    0.8729                        1.147                    0.6384             0.1103                          1420                     1.012                 4.761        36.18                0.2525                  0                    0.01054                0.9252                                86.91                  9.151                  2.488            25.98   3130  577.6 -35.91                   3.976e+04     -7.529e-08
   2b_y0.60 kin once-through phi=0.1 (1.01,5,5) bar n=1          87.78                    0           1    0.8729                            1                     2.619             0.6336                          1243                     20.91                 19.66        31.37                     0                  0                          0                     0                                104.5                  7.736                  2.488            23.43   2728  461.6 -49.69                           0      7.296e-16
        2b_y0.60 kin recycle phi=0.1 (1.01,5,5) bar n=1          87.78                    0         302    0.8729                        1.155                    0.6628              0.119                          1455                     1.355                 24.79        37.08                 1.156                  0                    0.04827                 4.237                                 83.6                  8.929                  2.488            27.96   3151  590.8 -172.5                   3.817e+04     -7.251e-08
   2b_y0.60 kin once-through phi=1 (1.01,1.01,1.01) bar          87.78                    0           1    0.8729                            1                     2.619             0.5432                          1010                     73.22                 3.437        31.37                     0                  0                          0                     0                                104.5                  7.881                  2.488            20.85   2728  252.1 -8.535                           0      7.296e-16
        2b_y0.60 kin recycle phi=1 (1.01,1.01,1.01) bar          87.78                    0         307    0.8729                        1.151                    0.6396             0.1103                          1412                     9.904                 4.745        36.28                 0.358                  0                    0.01494                 1.312                                86.52                  9.133                  2.488            26.14   3139  554.5 -35.76                   3.959e+04     -7.675e-08
     2b_y0.60 kin once-through phi=1 (1.01,5,5) bar n=1          87.78                    0           1    0.8729                            1                     2.619             0.6215                          1069                     171.1                 15.45        31.37                     0                  0                          0                     0                                104.5                  6.902                  2.488            25.62   2728   61.6 -39.06                           0     -5.472e-16
          2b_y0.60 kin recycle phi=1 (1.01,5,5) bar n=1          87.78                    0         307    0.8729                         1.16                    0.6641              0.119                          1442                     13.75                 24.77        37.22                 1.298                  0                    0.05418                 4.756                                83.08                  8.906                  2.488            28.17   3164  558.5 -171.6                   3.794e+04     -7.262e-08
   2a_y0.65 kin once-through phi=0 (1.01,1.01,1.01) bar           70.9                 2.52           1    0.8729                            1                     4.018             0.6369                          1026                         0                 4.557        31.37                     0                  0                          0                     0                                87.64                  10.95                  6.554            18.53   2728  418.9 -11.21                           0              0
        2a_y0.65 kin recycle phi=0 (1.01,1.01,1.01) bar           70.9                 2.52         302    0.8729                        1.149                     1.245             0.1551                          1266                         0                 10.53        36.26                0.3334                  0                    0.01723                 1.222                                69.73                  11.97                  6.554            23.31   3135  516.8 -53.64                   3.302e+04     -6.566e-08
     2a_y0.65 kin once-through phi=0 (1.01,5,5) bar n=1           70.9                 2.52           1    0.8729                            1                     4.018             0.7191                          1159                         0                 21.81        31.37                     0                  0                          0                     0                                87.64                  10.58                  6.554             21.2   2728  472.9 -55.03                           0      3.952e-16
          2a_y0.65 kin recycle phi=0 (1.01,5,5) bar n=1           70.9                 2.52         299    0.8729                        1.165                     1.319             0.1708                          1296                         0                 52.42        37.49                 1.567                  0                    0.08096                  5.74                                65.21                   11.7                  6.554             25.7   3179  529.2 -254.9                   3.084e+04     -6.283e-08
 2a_y0.65 kin once-through phi=0.1 (1.01,1.01,1.01) bar           70.9                 2.52           1    0.8729                            1                     4.018             0.6418                         985.6                     48.41                 4.288        31.37                     0                  0                          0                     0                                87.64                  10.65                  6.554            19.54   2728  296.3 -10.56                           0     -3.952e-16
      2a_y0.65 kin recycle phi=0.1 (1.01,1.01,1.01) bar           70.9                 2.52         304    0.8729                        1.151                     1.247             0.1552                          1262                     4.161                 10.53        36.31                0.3827                  0                    0.01978                 1.402                                69.55                  11.96                  6.554            23.39   3139  506.2 -53.57                   3.294e+04      -6.53e-08
   2a_y0.65 kin once-through phi=0.1 (1.01,5,5) bar n=1           70.9                 2.52           1    0.8729                            1                     4.018             0.7179                          1128                      28.7                    21        31.37                     0                  0                          0                     0                                87.64                  10.42                  6.554            21.67   2728  397.6 -52.99                           0              0
        2a_y0.65 kin recycle phi=0.1 (1.01,5,5) bar n=1           70.9                 2.52         301    0.8729                        1.167                      1.32             0.1708                          1292                     4.275                 52.46        37.54                 1.615                  0                    0.08346                 5.917                                65.03                  11.69                  6.554            25.77   3183  518.1 -254.6                   3.076e+04     -6.174e-08
   2a_y0.65 kin once-through phi=1 (1.01,1.01,1.01) bar           70.9                 2.52           1    0.8729                            1                     4.018             0.6262                         844.3                     164.4                 3.548        31.37                     0                  0                          0                     0                                87.64                  9.999                  6.554            21.15   2728 -15.47 -8.716                           0      3.952e-16
        2a_y0.65 kin recycle phi=1 (1.01,1.01,1.01) bar           70.9                 2.52         322    0.8729                        1.165                     1.262             0.1567                          1227                     42.45                 10.54        36.76                0.8364                  0                    0.04322                 3.065                                67.89                  11.88                  6.554            24.12   3179  407.9 -52.95                    3.22e+04     -6.322e-08
     2a_y0.65 kin once-through phi=1 (1.01,5,5) bar n=1           70.9                 2.52           1    0.8729                            1                     4.018              0.712                         909.8                     237.2                  15.5        31.37                     0                  0                          0                     0                                87.64                  9.208                  6.554            25.15   2728 -148.1  -39.1                           0      7.903e-16
          2a_y0.65 kin recycle phi=1 (1.01,5,5) bar n=1           70.9                 2.52         319    0.8729                        1.183                     1.329              0.171                          1251                      45.4                 52.87           38                  2.08                  0                     0.1075                 7.621                                63.33                  11.61                  6.554            26.48   3226  411.4 -251.4                       3e+04     -6.063e-08
   2b_y0.65 kin once-through phi=0 (1.01,1.01,1.01) bar           70.9                    0           1    0.8729                            1                     3.242             0.6024                         970.5                         0                 3.793        31.37             3.516e-21                  0                  1.817e-22             1.288e-20                                87.64                   8.55                  4.034            17.51   2728  396.2  -9.39                           0     -3.952e-16
        2b_y0.65 kin recycle phi=0 (1.01,1.01,1.01) bar           70.9                    0         302    0.8729                        1.148                    0.9083             0.1324                          1213                         0                 6.578        36.18                0.2604                  0                    0.01346                 0.954                                   70                  9.569                  4.034            22.25   3131  495.3 -40.28                   3.256e+04     -6.662e-08
     2b_y0.65 kin once-through phi=0 (1.01,5,5) bar n=1           70.9                    0           1    0.8729                            1                     3.242             0.6784                          1093                         0                 18.77        31.37                     0                  0                          0                     0                                87.64                  8.212                  4.034            19.97   2728  446.1 -47.41                           0      3.952e-16
          2b_y0.65 kin recycle phi=0 (1.01,5,5) bar n=1           70.9                    0         300    0.8729                        1.158                     0.952             0.1442                          1242                         0                 33.49        37.15                  1.23                  0                    0.06354                 4.505                                66.45                  9.347                  4.034            24.22   3159  507.2 -192.6                   3.085e+04     -6.443e-08
 2b_y0.65 kin once-through phi=0.1 (1.01,1.01,1.01) bar           70.9                    0           1    0.8729                            1                     3.242              0.604                         939.9                     33.14                 3.609        31.37                     0                  0                          0                     0                                87.64                  8.345                  4.034            18.15   2728  311.1 -8.936                           0     -1.976e-16
      2b_y0.65 kin recycle phi=0.1 (1.01,1.01,1.01) bar           70.9                    0         303    0.8729                        1.148                    0.9089             0.1324                          1211                      2.03                 6.576        36.21                0.2844                  0                     0.0147                 1.042                                69.91                  9.565                  4.034            22.28   3133  490.1 -40.25                   3.252e+04      -6.69e-08
   2b_y0.65 kin once-through phi=0.1 (1.01,5,5) bar n=1           70.9                    0           1    0.8729                            1                     3.242             0.6769                          1068                      22.1                 18.14        31.37                     0                  0                          0                     0                                87.64                  8.088                  4.034            20.31   2728  387.7 -45.82                           0      3.952e-16
        2b_y0.65 kin recycle phi=0.1 (1.01,5,5) bar n=1           70.9                    0         301    0.8729                        1.159                    0.9524             0.1442                          1240                     2.304                 33.49        37.18                 1.256                  0                    0.06489                 4.601                                66.35                  9.343                  4.034            24.26   3161  501.2 -192.4                   3.081e+04      -6.44e-08
   2b_y0.65 kin once-through phi=1 (1.01,1.01,1.01) bar           70.9                    0           1    0.8729                            1                     3.242             0.5818                         840.4                     96.85                 3.144        31.37                     0                  0                          0                     0                                87.64                  8.035                  4.034            18.64   2728    131 -7.769                           0      3.952e-16
        2b_y0.65 kin recycle phi=1 (1.01,1.01,1.01) bar           70.9                    0         313    0.8729                        1.155                    0.9138             0.1328                          1194                     20.15                 6.556        36.42                0.4993                  0                     0.0258                  1.83                                69.12                  9.526                  4.034            22.63   3152  443.4 -39.95                   3.217e+04     -6.407e-08
     2b_y0.65 kin once-through phi=1 (1.01,5,5) bar n=1           70.9                    0           1    0.8729                            1                     3.242             0.6672                         893.3                     181.5                 13.85        31.37                     0                  0                          0                     0                                87.64                  7.181                  4.034            22.82   2728 -32.89 -34.99                           0      7.903e-16
          2b_y0.65 kin recycle phi=1 (1.01,5,5) bar n=1           70.9                    0         312    0.8729                        1.167                    0.9562             0.1442                          1219                     23.78                 33.56        37.42                   1.5                  0                    0.07751                 5.496                                65.46                  9.301                  4.034            24.63   3184  445.4 -190.8                   3.041e+04     -6.071e-08
