T3b pressure-order sensitivity (wall 415 s). ALL KINETIC, uncalibrated. Unconverged: 0
                                        case  converged  iterations  factor_meth_at_P2  S2_X_CO2_per_pass  S2_xi2_CH4_formed_kmol_d  S3_CH4_formed_kmol_d  C_stage3_tpd  C_total_tpd  C_from_CO2_total_tpd  fresh_CO2_carbon_fixed_fraction  purge_carbon_tpd  recycle_to_S2_total_kmol_d  Q1_kW  Q2_kW  Q3_kW  H2_net_exportable_tpd  closure_C_rel
     kin once-through (1,5,5) n=0.5 V1 phi=0       True           1          0.0007592             0.8055                         0                 16.34             0        31.38                     0                                0             16.02                           0   2729  313.8 -41.33                   11.4     -1.037e-15
          kin recycle (1,5,5) n=0.5 V1 phi=0       True         292          0.0007592             0.2682                         0                 98.75        0.4779        37.58                  1.66                           0.1448             9.816                   1.834e+04   3227  342.8 -312.4                  12.61     -4.034e-08
   kin once-through (1,5,5) n=0.5 V1 phi=0.1       True           1          0.0007592             0.8055                     10.78                 16.06             0        31.38                     0                                0             16.02                           0   2729  285.8 -40.61                  11.34              0
        kin recycle (1,5,5) n=0.5 V1 phi=0.1       True         294          0.0007592             0.2683                     4.571                 98.99        0.4706        37.63                 1.711                           0.1492             9.766                   1.826e+04   3232  330.9 -312.1                   12.6     -4.025e-08
     kin once-through (1,5,5) n=0.5 V1 phi=1       True           1          0.0007592             0.8068                     99.86                 13.78             0        31.38                     0                                0             16.02                           0   2729  54.85 -34.84                  10.81     -4.609e-16
          kin recycle (1,5,5) n=0.5 V1 phi=1       True         318          0.0007592             0.2705                     50.26                 101.6        0.3964        38.14                 2.214                           0.1932             9.262                   1.744e+04   3282  212.7 -308.9                  12.51      -3.66e-08
     kin once-through (1,5,5) n=0.5 V2 phi=0       True           1          0.0007592             0.4828                         0                 1.431             0        31.38                     0                                0             16.02                           0   2729  188.1 -3.355                  12.11     -6.914e-16
          kin recycle (1,5,5) n=0.5 V2 phi=0       True         301          0.0007592             0.1763                         0                 9.138             0        36.03                0.1094                         0.009546             11.37                   2.117e+04   3134  315.8 -23.15                     13     -4.574e-08
   kin once-through (1,5,5) n=0.5 V2 phi=0.1       True           1          0.0007592             0.5056                     35.37                 1.351             0        31.38                     0                                0             16.02                           0   2729  105.1 -3.173                  11.86     -6.914e-16
        kin recycle (1,5,5) n=0.5 V2 phi=0.1       True         305          0.0007592             0.1775                     6.552                 9.093             0        36.11                0.1874                          0.01635             11.29                   2.104e+04   3140  299.3 -23.04                  12.99     -4.512e-08
     kin once-through (1,5,5) n=0.5 V2 phi=1       True           1          0.0007592             0.6421                     257.1                 0.899             0        31.38                     0                                0             16.02                           0   2729 -417.8 -2.139                  10.26              0
          kin recycle (1,5,5) n=0.5 V2 phi=1       True         349          0.0007592             0.1899                     72.04                 8.651             0        36.89                0.9662                          0.08429             10.51                   1.977e+04   3208  133.9 -21.92                  12.83     -4.191e-08
       kin once-through (1,5,5) n=1 V1 phi=0       True           1           0.001687             0.8055                         0                 16.62             0        31.38                     0                                0             16.02                           0   2729  313.8 -41.91                   11.4     -5.762e-16
            kin recycle (1,5,5) n=1 V1 phi=0       True         292           0.001687             0.2682                         0                 98.78        0.4778        37.58                 1.661                           0.1449             9.816                   1.834e+04   3227  342.8 -312.5                  12.61     -4.038e-08
     kin once-through (1,5,5) n=1 V1 phi=0.1       True           1           0.001687             0.8056                      23.7                 15.99             0        31.38                     0                                0             16.02                           0   2729  252.3 -40.31                  11.26     -4.609e-16
          kin recycle (1,5,5) n=1 V1 phi=0.1       True         297           0.001687             0.2685                     10.28                 99.33        0.4615         37.7                 1.774                           0.1548             9.702                   1.816e+04   3238  316.2 -311.8                  12.59     -3.926e-08
       kin once-through (1,5,5) n=1 V1 phi=1       True           1           0.001687              0.811                     199.8                  11.6             0        31.38                     0                                0             16.02                           0   2729 -203.3 -29.23                  10.21     -9.219e-16
            kin recycle (1,5,5) n=1 V1 phi=1       True          95           0.001687             0.2769                     131.9                 106.7        0.2543        39.03                 3.112                           0.2715             8.365                   1.598e+04   3373  1.889 -303.5                  12.35     -2.354e-08
       kin once-through (1,5,5) n=1 V2 phi=0       True           1           0.001687             0.7035                         0                 3.347             0        31.38                     0                                0             16.02                           0   2729  274.1  -8.16                  11.68     -1.152e-16
            kin recycle (1,5,5) n=1 V2 phi=0       True         299           0.001687             0.2325                         0                 21.64             0        36.18                0.2592                          0.02261             11.22                   2.087e+04   3147  334.4 -54.84                  12.88     -4.468e-08
     kin once-through (1,5,5) n=1 V2 phi=0.1       True           1           0.001687             0.7197                     52.54                 3.093             0        31.38                     0                                0             16.02                           0   2729  143.9 -7.549                  11.33     -2.305e-16
          kin recycle (1,5,5) n=1 V2 phi=0.1       True         305           0.001687             0.2339                     10.77                 21.44             0        36.31                0.3858                          0.03365             11.09                   2.067e+04   3158  306.7 -54.34                  12.86     -4.407e-08
       kin once-through (1,5,5) n=1 V2 phi=1       True           1           0.001687             0.8002                     335.2                 1.843             0        31.38                     0                                0             16.02                           0   2729 -559.2 -4.523                  9.474     -8.066e-16
            kin recycle (1,5,5) n=1 V2 phi=1       True         398           0.001687             0.2515                     134.3                  19.2             0        37.76                 1.838                           0.1603             9.638                   1.831e+04   3284 -9.778 -48.66                  12.59     -3.913e-08
     kin once-through (1,5,5) n=1.5 V1 phi=0       True           1           0.003746             0.8055                         0                 17.23             0        31.38                     0                                0             16.02                           0   2729  313.8 -43.18                   11.4              0
          kin recycle (1,5,5) n=1.5 V1 phi=0       True         292           0.003746             0.2682                         0                 98.84        0.4778        37.58                 1.661                           0.1449             9.815                   1.834e+04   3227  342.8 -312.6                  12.61     -4.048e-08
   kin once-through (1,5,5) n=1.5 V1 phi=0.1       True           1           0.003746             0.8058                     51.45                 15.84             0        31.38                     0                                0             16.02                           0   2729  180.3 -39.69                  11.09     -9.219e-16
        kin recycle (1,5,5) n=1.5 V1 phi=0.1       True         303           0.003746             0.2691                     23.46                 100.1        0.4403        37.84                  1.92                           0.1675             9.556                   1.792e+04   3253    282   -311                  12.56      -3.95e-08
     kin once-through (1,5,5) n=1.5 V1 phi=1       True           1           0.003746             0.8231                     353.3                 8.584             0        31.38                     0                                0             16.02                           0   2729 -597.3 -21.46                  9.279     -3.457e-16
          kin recycle (1,5,5) n=1.5 V1 phi=1       True         304           0.003746             0.4927                     707.1                 50.43             0        44.99                 9.072                           0.7914             2.405                        6440   3913  -1467 -127.4                  11.21     -9.753e-09
     kin once-through (1,5,5) n=1.5 V2 phi=0       True           1           0.003746             0.7979                         0                 7.609             0        31.38                     0                                0             16.02                           0   2729  310.9 -18.81                  11.47     -5.762e-16
          kin recycle (1,5,5) n=1.5 V2 phi=0       True         294           0.003746             0.2514                -5.684e-14                 47.62             0        36.49                0.5702                          0.04974             10.91                   2.029e+04   3174  339.1 -120.7                  12.81      -4.46e-08
   kin once-through (1,5,5) n=1.5 V2 phi=0.1       True           1           0.003746             0.8028                     72.47                 6.819             0        31.38                     0                                0             16.02                           0   2729  124.4 -16.85                  11.03     -8.066e-16
        kin recycle (1,5,5) n=1.5 V2 phi=0.1       True         305           0.003746             0.2526                     21.78                 46.66             0        36.74                0.8196                          0.07151             10.66                   1.989e+04   3195  282.8 -118.2                  12.76      -4.43e-08
     kin once-through (1,5,5) n=1.5 V2 phi=1       True           1           0.003746             0.8361                       410                 3.481             0        31.38                     0                                0             16.02                           0   2729 -739.6 -8.584                  8.942      6.914e-16
          kin recycle (1,5,5) n=1.5 V2 phi=1       True         428           0.003746             0.5099                     734.1                 17.41     2.813e-20        44.92                     9                           0.7851             2.477                        6646   3907  -1536 -43.87                  11.22      -9.62e-09
    kin once-through (1,5,5) native V1 phi=0       True           1                  1             0.8055                         0                 137.1             0        31.38                     0                                0             16.02                           0   2729  313.8 -293.4                  10.43      3.457e-16
         kin recycle (1,5,5) native V1 phi=0       True         314                  1             0.2722                -1.137e-13                 126.8        0.4623         37.9                 1.981                           0.1728             9.496                   1.771e+04   3256  333.3 -368.1                  12.54     -3.647e-08
  kin once-through (1,5,5) native V1 phi=0.1       True           1                  1             0.8438                     565.1                 67.55             0        31.38                     0                                0             16.02                           0   2729  -1140 -142.9                  7.474     -6.914e-16
       kin recycle (1,5,5) native V1 phi=0.1       True          26                  1              0.922                     884.1                 59.81             0        47.23                  11.3                           0.9861             0.173                        2720   4107  -1931 -126.6                  10.74      1.767e-10
    kin once-through (1,5,5) native V1 phi=1       True           1                  1             0.8438                       565                 67.56             0        31.38                     0                                0             16.02                           0   2729  -1139 -142.9                  7.475     -1.268e-15
         kin recycle (1,5,5) native V1 phi=1       True          26                  1             0.9222                     884.4                 59.68             0        47.23                 11.31                           0.9863            0.1707                        2716   4107  -1932 -126.3                  10.74      2.117e-10
   kin once-through (1,10,10) n=0.5 V1 phi=0       True           1          3.355e-05             0.8055                         0                 31.97             0        31.38                     0                                0             16.02                           0   2729  313.8 -80.98                  11.31      3.457e-16
        kin recycle (1,10,10) n=0.5 V1 phi=0       True         280          3.355e-05             0.2926                         0                 194.6        0.6827        38.94                 3.013                           0.2628             8.464                   1.586e+04   3327  347.6 -581.9                  12.35     -3.344e-08
 kin once-through (1,10,10) n=0.5 V1 phi=0.1       True           1          3.355e-05             0.8054                     6.306                 31.64             0        31.38                     0                                0             16.02                           0   2729  297.4 -80.13                  11.27     -5.762e-16
      kin recycle (1,10,10) n=0.5 V1 phi=0.1       True         281          3.355e-05             0.2927                     3.745                   195        0.6707        38.97                  3.05                           0.2661             8.426                    1.58e+04   3331  337.9 -581.4                  12.35     -3.404e-08
   kin once-through (1,10,10) n=0.5 V1 phi=1       True           1          3.355e-05             0.8045                      61.2                 28.79             0        31.38                     0                                0             16.02                           0   2729  154.4 -72.92                  10.96      2.305e-16
        kin recycle (1,10,10) n=0.5 V1 phi=1       True         296          3.355e-05             0.2946                     40.38                 199.2        0.5505        39.34                 3.419                           0.2983             8.057                    1.52e+04   3374    243 -576.5                  12.28     -3.252e-08
   kin once-through (1,10,10) n=0.5 V2 phi=0       True           1          3.355e-05              0.382                         0                0.9875             0        31.38                     0                                0             16.02                           0   2729  148.8 -2.268                  12.31     -2.305e-16
        kin recycle (1,10,10) n=0.5 V2 phi=0       True         303          3.355e-05             0.1449                -5.684e-14                 5.132             0        35.98               0.06146                         0.005362             11.41                   2.128e+04   3129  300.8    -13                  13.08     -4.369e-08
 kin once-through (1,10,10) n=0.5 V2 phi=0.1       True           1          3.355e-05             0.4035                     28.45                0.9406             0        31.38                     0                                0             16.02                           0   2729  83.26 -2.164                   12.1     -5.762e-16
      kin recycle (1,10,10) n=0.5 V2 phi=0.1       True         306          3.355e-05              0.146                     5.567                 5.118             0        36.05                 0.128                          0.01116             11.35                   2.117e+04   3135  286.9 -12.97                  13.07     -4.425e-08
   kin once-through (1,10,10) n=0.5 V2 phi=1       True           1          3.355e-05              0.544                     219.6                0.6559             0        31.38                     0                                0             16.02                           0   2729 -358.6 -1.528                  10.67     -2.305e-16
        kin recycle (1,10,10) n=0.5 V2 phi=1       True         342          3.355e-05             0.1563                     59.78                 4.978             0         36.7                0.7755                          0.06766              10.7                   2.011e+04   3192  151.5 -12.61                  12.93     -4.172e-08
     kin once-through (1,10,10) n=1 V1 phi=0       True           1          0.0001054             0.8055                         0                 32.31             0        31.38                     0                                0             16.02                           0   2729  313.8 -81.67                  11.31      2.305e-16
          kin recycle (1,10,10) n=1 V1 phi=0       True         280          0.0001054             0.2926                         0                 194.6        0.6827        38.94                 3.013                           0.2629             8.463                   1.586e+04   3327  347.5   -582                  12.35     -3.348e-08
   kin once-through (1,10,10) n=1 V1 phi=0.1       True           1          0.0001054             0.8051                     19.67                 31.26             0        31.38                     0                                0             16.02                           0   2729  262.5 -79.03                  11.19     -8.066e-16
        kin recycle (1,10,10) n=1 V1 phi=0.1       True         284          0.0001054             0.2931                     11.97                 195.9         0.644        39.06                 3.134                           0.2734             8.343                   1.566e+04   3341  316.5 -580.4                  12.33     -3.409e-08
     kin once-through (1,10,10) n=1 V1 phi=1       True           1          0.0001054             0.8063                     178.2                 23.38             0        31.38                     0                                0             16.02                           0   2729   -149 -59.09                  10.28     -2.305e-16
          kin recycle (1,10,10) n=1 V1 phi=1       True         152          0.0001054             0.3059                     160.9                 212.9        0.1406        40.54                 4.618                           0.4028             6.859                   1.324e+04   3513 -68.29   -558                  12.07      -1.91e-09
     kin once-through (1,10,10) n=1 V2 phi=0       True           1          0.0001054             0.7035                         0                 3.312             0        31.38                     0                                0             16.02                           0   2729  274.1 -8.075                  11.68     -2.305e-16
          kin recycle (1,10,10) n=1 V2 phi=0       True         300          0.0001054              0.232                         0                 17.84             0        36.14                0.2136                          0.01864             11.26                   2.096e+04   3143  334.2 -45.21                  12.89     -4.708e-08
   kin once-through (1,10,10) n=1 V2 phi=0.1       True           1          0.0001054             0.7198                     52.74                 3.061             0        31.38                     0                                0             16.02                           0   2729  143.4  -7.47                  11.33     -4.609e-16
        kin recycle (1,10,10) n=1 V2 phi=0.1       True         306          0.0001054             0.2333                     10.73                 17.72             0        36.26                0.3407                          0.02972             11.14                   2.075e+04   3154  306.7 -44.91                  12.87     -4.643e-08
     kin once-through (1,10,10) n=1 V2 phi=1       True           1          0.0001054             0.8051                     343.4                 1.799     3.516e-21        31.38             3.516e-21                        3.067e-22             16.02                           0   2729 -578.6 -4.417                  9.415     -2.305e-16
          kin recycle (1,10,10) n=1 V2 phi=1       True         401          0.0001054              0.251                       134                 16.34             0        37.72                 1.801                           0.1571             9.676                   1.838e+04   3281 -9.254  -41.4                   12.6     -3.896e-08
   kin once-through (1,10,10) n=1.5 V1 phi=0       True           1          0.0003311             0.8055                         0                 33.34     5.626e-20        31.38             5.626e-20                        4.908e-21             16.02                           0   2729  313.8 -83.84                   11.3      8.066e-16
        kin recycle (1,10,10) n=1.5 V1 phi=0       True         280          0.0003311             0.2926                -5.684e-14                 194.7        0.6826        38.94                 3.014                            0.263             8.462                   1.586e+04   3327  347.5 -582.2                  12.35     -3.363e-08
 kin once-through (1,10,10) n=1.5 V1 phi=0.1       True           1          0.0003311             0.8045                     60.43                 30.13             0        31.38                     0                                0             16.02                           0   2729  156.4 -75.73                  10.95      2.305e-16
      kin recycle (1,10,10) n=1.5 V1 phi=0.1       True         296          0.0003311             0.2946                     39.81                 199.3        0.5523        39.34                 3.415                           0.2979             8.061                    1.52e+04   3373  244.4 -576.8                  12.28     -3.235e-08
   kin once-through (1,10,10) n=1.5 V1 phi=1       True           1          0.0003311             0.8289                     433.9                 13.25             0        31.38                     0                                0             16.02                           0   2729 -804.3 -33.24                  8.752     -1.498e-15
        kin recycle (1,10,10) n=1.5 V1 phi=1       True          66          0.0003311             0.7044                     842.1                 38.93     5.626e-20        46.47                 10.55                           0.9204            0.9259                        4057   4042  -1807 -98.06                  10.91     -3.492e-09
   kin once-through (1,10,10) n=1.5 V2 phi=0       True           1          0.0003311             0.8045                         0                 10.62             0        31.38                     0                                0             16.02                           0   2729  313.4 -26.28                  11.44     -2.305e-16
        kin recycle (1,10,10) n=1.5 V2 phi=0       True         297          0.0003311             0.2531                         0                    55             0        36.58                0.6586                          0.05745             10.82                   2.012e+04   3181  339.5 -139.4                  12.79     -4.325e-08
 kin once-through (1,10,10) n=1.5 V2 phi=0.1       True           1          0.0003311             0.8075                     86.29                 9.315             0        31.38                     0                                0             16.02                           0   2729  90.38 -23.04                  10.92      2.305e-16
      kin recycle (1,10,10) n=1.5 V2 phi=0.1       True         313          0.0003311             0.2544                      30.8                 53.83             0        36.94                 1.013                          0.08841             10.46                   1.955e+04   3212  259.7 -136.4                  12.73     -4.211e-08
   kin once-through (1,10,10) n=1.5 V2 phi=1       True           1          0.0003311             0.8512                     492.7                 3.894             0        31.38                     0                                0             16.02                           0   2729 -948.6 -9.601                   8.41     -2.305e-16
        kin recycle (1,10,10) n=1.5 V2 phi=1       True          75          0.0003311             0.7413                     870.5                 12.03             0        46.49                 10.57                            0.922             0.908                        4100   4043  -1879 -30.01                   10.9     -3.532e-09
  kin once-through (1,10,10) native V1 phi=0       True           1                  1             0.8055                         0                 213.2             0        31.38                     0                                0             16.02                           0   2729  313.8 -458.1                  9.839              0
       kin recycle (1,10,10) native V1 phi=0       True         143                  1             0.3392                         0                 413.4        0.5403        41.41                 5.491                            0.479             5.986                   1.098e+04   3555  257.1   -995                  11.82     -4.723e-09
kin once-through (1,10,10) native V1 phi=0.1       True           1                  1             0.8963                     737.1                 99.01             0        31.38                     0                                0             16.02                           0   2729  -1566 -208.3                  6.078              0
     kin recycle (1,10,10) native V1 phi=0.1       True          18                  1             0.9779                     928.9                 23.04             0        47.32                  11.4                           0.9945           0.07715                        2695   4115  -2033 -49.01                  10.72      4.249e-10
  kin once-through (1,10,10) native V1 phi=1       True           1                  1             0.8963                     737.1                 99.01             0        31.38                     0                                0             16.02                           0   2729  -1566 -208.3                  6.078     -4.609e-16
       kin recycle (1,10,10) native V1 phi=1       True          18                  1             0.9779                     928.9                 23.03             0        47.32                  11.4                           0.9945           0.07714                        2695   4115  -2033 -49.01                  10.72      4.239e-10

===== Recycle: CO2-derived solid carbon [t/d] by (P2, variant, n) x phi =====
phi                                 0      0.1    1  
P2_bar variant pressure_order_n                      
5      V1      0.5                 1.66  1.711  2.214
               1                  1.661  1.774  3.112
               1.5                1.661   1.92  9.072
                native            1.981   11.3  11.31
       V2      0.5               0.1094 0.1874 0.9662
               1                 0.2592 0.3858  1.838
               1.5               0.5702 0.8196      9
10     V1      0.5                3.013   3.05  3.419
               1                  3.013  3.134  4.618
               1.5                3.014  3.415  10.55
                native            5.491   11.4   11.4
       V2      0.5              0.06146  0.128 0.7755
               1                 0.2136 0.3407  1.801
               1.5               0.6586  1.013  10.57
